# GitLab 配置
# GitLab 私服地址和 可以读取项目、用户的Token
GITLAB_URL=https://git.xxxxx.com
GITLAB_TOKEN=xxxxx

# 项目配置
# 目标项目ID，多个项目用逗号分隔
DEFAULT_PROJECTS=950,961,293,591,590,887,701,694,692,687,1003,690,992,695,724,693,703,1004,683,700,935,847,850,944,779,777,689,684,691,899,685,686,688,267,699,778,978,604,603,744,742,746,940,756,765,772,951,749,776,896,747,920,921,913,928,916,929,914,917,982,922,918,919,912,980,983,915,885,780,937,892,997,897,743,989,867,812,927,813,581,959,580,952,771,738,890,854,753,965,769,840,770,739,629,573,599,798,745,623,619,587,187,583,728,954,851,605,283,698,665,610,358,659,613,614,574,611,736,702,678,1007,1006,973,838,696,278,459,835,280,883,272,523,657,276,460,289,548,589,845,782,572,759,998,941,538,117,288,549,669,282,457,592,953,530,801,531,620,733,519,807,273,783,758,849,910,461,281,522,936,597,656,976,286,463,287,662,465,584,521,279,462,458,844,554,732,962,900,675,606,198,1001,999,681
# 日期配置
# 统计的起始日期和结束日期，格式为YYYY-MM-DD
DEFAULT_START_DATE=2024-12-01
DEFAULT_END_DATE=2024-12-31

# 项目配置
# 项目文件路径，用于存储项目信息（减少统计时去初始化读取项目信息的消耗）
DEFAULT_PROJECT_FILE=projects.xlsx

# 用户配置
# 目标用户名称，用于统计该用户在不同项目中的提交信息，多个用户用逗号分隔
TARGET_USERS=doufum

# 其他配置
API_VERSION=v4
